-1.124629133448836598e+02
-1.004707523833968423e+02
-6.208346751798872276e+01
-6.527275945595570761e+01
-3.471629435727456325e+01
-3.381081936738465288e+01
-1.500942404277769882e+01
-2.250946744250065379e+01
2.154451513077354274e+00
-3.011054924514246878e+01
-6.503431303547102527e-02
-2.602123453271845932e+01
-3.254648507579443617e+01
-9.348352549593634819e+00
-2.184775103853078093e+01
4.813504169089434015e+00
8.249803527538560388e+00
2.352904764409063176e+01
-1.266039962445528388e+01
-1.852752879455363200e+01
9.096431945024479049e+00
5.505171017674780387e+01
1.569870709537304521e+01
1.626901296295154609e+01
7.475262771675915907e+00
-1.667712464861069677e+01
3.897521379806035924e+01
9.662242992343786696e+00
7.333956025531273326e+01
8.969801851948223259e+01
2.727048875929644822e+01
4.138395963213071127e+01
1.038626575931531306e+02
4.144758639466434857e+01
3.656076957200762223e+01
6.231703090442055526e+01
1.136960173612981251e+01
2.513850083203201891e+01
2.485221390494283611e+01
5.169003486101600942e+01
7.091754807094741864e+01
3.764366540704524056e+01
6.732787074843578523e+01
5.231261065368670415e+01
5.462732784706876288e+01
4.055796055380316290e+01
6.838544036922318980e+01
6.161966846897954042e+01
7.324314210528767433e+01
4.385521535932968362e+01
4.611588742791956719e+01
8.405911484344952100e+01
4.455835749084582886e+01
3.636208795460201770e+01
7.644125435985732508e+01
7.696088952520766213e+01
5.311642623271098529e+01
6.042310683425433382e+01
4.049856831525042367e+01
5.964857787997116390e+01
6.183541761440285001e+01
6.308709239301688854e+01
5.591411349171576717e+01
3.675492477272345582e+01
7.787020335643363467e+01
2.420662414904256465e+01
7.916278668162182441e+01
8.541653253567886850e+01
5.439536702209287000e+01
2.018262014365775769e+01
9.542414296282360908e+01
8.686292671680047306e+01
8.481551654188950806e+01
6.130728218294211729e+01
7.482333105718232957e+01
4.204456918833727030e+01
8.576362052699374772e+01
1.241460545961436708e+02
1.278764938567803426e+02
1.236794385694193750e+02
5.513991219750813144e+01
5.613873045643954640e+01
6.708439623761830717e+01
1.052391058146279761e+02
1.261935807717901099e+02
1.221471851784995550e+02
8.768389774787213753e+01
6.986539747038801806e+01
1.123067179631925683e+02
1.171560767105909093e+02
1.312783968714098535e+02
1.211071629443588193e+02
1.004671871646996237e+02
5.952290926722641728e+01
5.003394265764934090e+01
4.442400764943443647e+01
6.689566893099909350e+01
2.473805221306269786e+01
3.035137380263374851e+01
4.535615121471993660e+01
