-1.207978951229148095e+02
-1.161866684746637333e+02
-1.084041885625217105e+02
-1.481009849196726122e+02
-1.429074914723387622e+02
-1.240070835803134059e+02
-1.213446663300847774e+02
-1.162777029293075230e+02
-1.124349289587623701e+02
-1.153739707068248634e+02
-9.808265841113258432e+01
-9.959065805485690248e+01
-1.094516385328917210e+02
-6.799500433975390479e+01
-8.622238308336221735e+01
-8.538631653829152413e+01
-7.089484442918350737e+01
-8.020736732544614256e+01
-6.010685646146571059e+01
-4.450729638330273730e+01
-4.822129965807129537e+01
-4.015285664201542914e+01
-4.943767084191861727e+01
-3.568171976370883414e+01
-3.244326958955092977e+01
-4.422854197227329820e+01
-2.124195682646109162e+01
-2.160608872603970099e+01
3.048386819747351151e+00
-7.354212509027258982e+00
-3.502610407948347770e+00
1.152229148084057186e+01
1.242603852577307677e+01
-6.265041268004122976e+00
-2.648295363321274021e+00
2.338662543040306829e+01
5.339367384482220302e+01
2.260156444909649665e+01
2.432019449575609826e+01
3.072874481986691109e+01
1.484198221385946859e+01
5.438306235251112497e+01
5.139151267711417148e+01
4.526026035409127957e+01
5.955366561111519275e+01
3.475885244442274313e+01
6.835441309285729972e+01
6.676382514752840791e+01
6.647683615385875555e+01
6.958763971316088259e+01
2.978393332727533860e+01
9.641609547089782950e+01
1.071442789671989999e+02
1.141279811577543626e+02
1.286615788180256175e+02
1.103317208608096678e+02
1.113695703360845073e+02
1.228822420991484279e+02
1.026138580746967648e+02
9.786701121912456358e+01
1.210741608277365344e+02
1.221893015268134093e+02
1.254038096506166369e+02
1.222046432314646012e+02
1.056499289753337933e+02
1.168970213882055020e+02
9.447614266172180919e+01
1.419900151944057427e+02
1.406044522747546353e+02
1.205486189943713242e+02
1.348804207423006858e+02
1.373052193684075917e+02
1.067340429579124219e+02
1.116154420306310584e+02
1.132413082141224692e+02
1.218242342802910372e+02
1.337933752653534896e+02
1.358377962595346560e+02
9.761644371242036300e+01
1.443589749268662956e+02
1.494246219783886147e+02
1.274072757138471559e+02
1.387908245690859133e+02
1.376364751548790650e+02
1.508933177598624127e+02
1.512528518512004609e+02
1.540743738990742600e+02
1.479641819343172813e+02
1.255630328463168865e+02
1.454002360869718018e+02
1.517536172552516973e+02
1.514645395328592485e+02
1.522777663752982278e+02
1.343319276820546406e+02
1.461101618071121493e+02
1.436915724925197537e+02
1.524405693931432495e+02
1.478888657434539198e+02
1.406363106551650048e+02
1.570285898786416681e+02
