-1.359112576715836838e+02
-1.087111038355583901e+02
-1.292032443152631913e+02
-1.032167178296055994e+02
-9.685767469428306242e+01
-8.568666736825079511e+01
-9.504561970426186690e+01
-8.730443784093796467e+01
-6.341394703418652057e+01
-5.637675578992113401e+01
-3.365842271298402721e+01
-1.946742378423101272e+01
-5.193505630776638782e+01
-2.120682662248848516e+01
-1.669901567112947660e+01
-4.182130239537279692e+00
9.105325788628420430e-03
-1.962287010149377764e+01
-6.700395555319219376e+00
-2.645799330851009490e+00
-3.334408149882089845e+01
5.869510605421756821e+01
6.621323028732858518e+01
6.315114901253232915e+01
9.244172300047783608e+01
7.028254400171384475e+01
7.108594538498682880e+01
4.777887752900561225e+01
3.065553845587401582e+01
6.911551689845384772e+01
2.441393997602503418e+01
8.325417194217010319e+01
6.765760809455167646e+01
4.298280258344357208e+01
9.212734345986251583e+01
9.171665379016175734e+01
4.612323329511958292e+01
5.548675536598412350e+01
9.813575710982749456e+01
6.445989183013760737e+01
4.971929499868357993e+01
4.478349606665453564e+01
3.399042771028209842e+01
9.462573611210409297e+01
3.944604508414876420e+01
3.765185145899980057e+01
4.193766744053135653e+01
1.978589423792151791e+01
8.554653408540978887e+01
6.234518874306423442e+01
8.506601657760263890e+01
1.003621070064918257e+02
1.053948557115925695e+02
1.378501856133130161e+02
1.032413488392816845e+02
1.074278511044271340e+02
9.911241284054511880e+01
1.090155956372559132e+02
9.191870912094056223e+01
9.828488090225283713e+01
1.275567694497976845e+02
1.051523218254475438e+02
7.261933338656193371e+01
9.792177531829565851e+01
1.222456355219110975e+02
7.327874294400812971e+01
8.950964267152482989e+01
1.098937521871814340e+02
9.314320756306568683e+01
1.009457544059063423e+02
1.086157090367338753e+02
1.086896936189047267e+02
9.604200870053168160e+01
1.192152774106146182e+02
1.263757635351479252e+02
8.573594507116827401e+01
1.030783409382354847e+02
9.976069412643235523e+01
1.045025046877939161e+02
1.041181214047803820e+02
1.271573492477922258e+02
1.363152397919378984e+02
1.326990187540399972e+02
1.145953041034306068e+02
1.122690370699293680e+02
1.421215404008882217e+02
1.570103476643432145e+02
1.423896498005342721e+02
1.452181554891489839e+02
1.547605263374312017e+02
1.535769109086083404e+02
1.575924090560162085e+02
1.606127482588484554e+02
1.472629189446945475e+02
1.292227256318532511e+02
1.268950767599215510e+02
1.345251052374767653e+02
1.395221953075499641e+02
1.451102580849264143e+02
1.292707861769567614e+02
