-1.297527951135905084e+02
-2.185937089221575036e+02
-1.650867690653378190e+02
-1.764234276207193091e+02
-1.509466454359458396e+02
-1.690730738053940456e+02
-1.544538098535047084e+02
-1.584200120268322962e+02
-1.556268629342187069e+02
-1.472606978120920473e+02
-1.590346494883491459e+02
-1.514040107952692722e+02
-1.607619128935739070e+02
-1.356790320540771404e+02
-1.460867542145983009e+02
-1.485829021522190203e+02
-1.617260955886386853e+02
-1.588879393404468203e+02
-1.511659507230704094e+02
-1.340035628714589961e+02
-1.501588219651602856e+02
-1.634670531511816023e+02
-1.603328090368525238e+02
-1.707088617201271461e+02
-1.443281671090965972e+02
-1.601361066980747410e+02
-1.518528505909876856e+02
-1.513306663307396036e+02
-1.649568582684371449e+02
-1.360512482331866977e+02
-1.408995661974459779e+02
-1.621917626406546447e+02
-1.725328980278304982e+02
-1.420806370876374842e+02
-1.519848653169240151e+02
-1.511341786290509219e+02
-1.594215366490978454e+02
-1.630312931931396463e+02
-1.577161240828142468e+02
-1.498391560787866297e+02
-1.571623283334461973e+02
-1.492405241262042921e+02
-1.639928591772157631e+02
-1.696016341502759701e+02
-1.494007739970440412e+02
-1.598470091625910072e+02
-1.599467477358298027e+02
-1.481403737974078751e+02
-1.454568136539306806e+02
-1.290416360508960452e+02
-1.628243780517374830e+02
-1.762537229589015624e+02
-1.657863902040767812e+02
-1.701203671795678360e+02
-1.492193107058859027e+02
-1.528307613907484779e+02
-1.403379769816817770e+02
-1.581651102285221953e+02
-1.507568086251468458e+02
-1.597737284636848756e+02
-1.609729470703597087e+02
-1.556122163821155198e+02
-1.599833272137225038e+02
-1.466470055393016025e+02
-1.417315032911270407e+02
-1.557519415138123406e+02
-1.396406872098698386e+02
-1.456860771698230224e+02
-1.460194541934648669e+02
-1.514978151673930427e+02
-1.298497501297947281e+02
-1.491679595618254552e+02
-1.320796066223673790e+02
-1.458388020256971060e+02
-1.507901041582765913e+02
-1.505655495857454582e+02
-1.581384383810452334e+02
-1.459112540779341032e+02
-1.427872339444203931e+02
-1.380487170695865586e+02
-1.362554048139809879e+02
-1.590383110890290368e+02
-1.387646950832412358e+02
-1.512163931313165790e+02
-1.725577816911074365e+02
-1.295266648746425915e+02
-1.528429103232318482e+02
-1.336859657424121792e+02
-1.715125990804427545e+02
-1.637801150657261928e+02
-1.452712821632618159e+02
-1.473708152347907685e+02
-1.566926704218836903e+02
-1.371414637210650938e+02
-1.438996165589390444e+02
-1.525319437137992225e+02
-1.639743163213375112e+02
-1.321559187380098308e+02
-1.587833859500042593e+02
-1.650471621787870333e+02
