-4.937655477788836720e+02
-1.830034634013909738e+02
-2.010468280404512882e+02
-1.758755301250334639e+02
-1.998028367910123677e+02
-1.871402973070257474e+02
-1.890275917066674936e+02
-1.783526295582967123e+02
-1.789411415049162315e+02
-2.153428783556768735e+02
-1.858024429375371369e+02
-1.674780099038062815e+02
-1.686552144476220576e+02
-2.062297730624842984e+02
-1.947805444039801728e+02
-1.950552680264938772e+02
-1.913947115574330269e+02
-1.779057647700421398e+02
-1.747408543754863786e+02
-1.729625752105366416e+02
-1.884742375674509844e+02
-1.799033456542395015e+02
-1.897346269379999342e+02
-1.684110939586273616e+02
-1.714446210166575781e+02
-1.846615196246771688e+02
-1.868678005210322226e+02
-1.929019990029451890e+02
-1.778075931282474187e+02
-1.765252002161756195e+02
-1.723398939727949255e+02
-1.805430125238003427e+02
-1.808298203501672106e+02
-1.926991983167360729e+02
-1.846540702133835055e+02
-1.793527472233994615e+02
-1.865031658629754645e+02
-1.597641428340259893e+02
-1.851467808566690394e+02
-1.743924446818163005e+02
-1.765100393646153236e+02
-1.723637876215239544e+02
-1.855015896081433198e+02
-1.744470754966380639e+02
-1.896215060073735401e+02
-2.009904667473172708e+02
-1.779254458466892572e+02
-1.844129615691224160e+02
-1.869082423463083842e+02
-1.872378615072762500e+02
-1.836418618708093788e+02
-1.727881059559998960e+02
-1.830564313183895990e+02
-1.783389317548465272e+02
-1.778443702201425083e+02
-1.886468879424737679e+02
-1.817127679859898990e+02
-1.758029730872116829e+02
-1.714658197899822198e+02
-1.974912667534326545e+02
-1.780582239085987055e+02
-1.989188959232483001e+02
-1.883428275989386407e+02
-1.794808878599663160e+02
-1.727588017674185608e+02
-1.898665478545894416e+02
-1.766040698822930892e+02
-1.870430328439437915e+02
-2.004997930349741750e+02
-1.698525850653981877e+02
-1.693010329900048134e+02
-1.737524239556456394e+02
-1.820784992246369427e+02
-1.930839587901165260e+02
-1.752111303103461637e+02
-1.852932712788270067e+02
-1.680685845991418716e+02
-1.683649778442359377e+02
-1.666112519437327535e+02
-1.534437906712401229e+02
-1.743152072229391649e+02
-1.841360520337066191e+02
-1.709235475852287607e+02
-1.890858131324573321e+02
-1.909543059335891257e+02
-1.852436286088619681e+02
-1.863731807184031766e+02
-1.750181867588814555e+02
-2.005034338426818010e+02
-1.762205861461608265e+02
-1.873266550095369780e+02
-1.985279919592905458e+02
-1.727688622485992767e+02
-1.718618736132406184e+02
-1.881230129385486691e+02
-1.984291195070456979e+02
-1.621527580428592046e+02
-1.631329478434583962e+02
-1.584686938647261627e+02
-1.896884385629996927e+02
