-4.785133358923504687e+01
-1.378748187727424295e+02
-1.329671749997472716e+02
-1.128592132077318269e+02
-1.026387135736026863e+02
-8.830651487551695311e+01
-1.055880525996293215e+02
-1.096872833978017496e+02
-9.237499507464247017e+01
-9.971519565485674264e+01
-7.739262492618372846e+01
-6.737546043422176467e+01
-7.955093064797155478e+01
-5.690112922779086091e+01
-7.968515665297543649e+01
-4.723998305074692894e+01
-5.937211254151647921e+01
-6.855208160519501348e+01
-2.348748355547369471e+01
-5.386832530554635667e+01
-4.416904261857029468e+01
-3.920999332616862887e+01
-1.318905452997631578e+01
-3.909668929667563519e-01
4.065426455431807540e+01
4.742661309409768933e+01
3.191982102177977154e+01
3.356657824498543619e+01
5.007410564990952651e+01
1.203262229927949356e+01
4.136649605123455586e+01
5.366214195836855794e+01
4.446620512371701039e+01
3.135365139506420462e+01
6.503645229279483431e+01
6.139137928187993509e+01
7.929150400608008908e+01
8.439384449199593519e+01
6.348394216552467384e+01
4.250712825563080344e+01
7.466477543646279003e+01
5.788741997179872101e+01
7.275342231112220759e+01
9.390936204733668546e+01
5.769909382702705614e+01
6.274451022503334485e+01
7.411939174375045525e+01
4.623028208718219645e+01
4.463799052351586738e+01
3.956591697935440521e+01
5.045085937616400429e+01
9.506625298353024789e+01
1.147609628930721328e+02
9.977459654489513241e+01
9.943164356238432333e+01
9.915930485528615179e+01
8.816433462338063975e+01
1.032865312295010938e+02
9.983001956831762413e+01
8.725641244055624668e+01
9.482539895311178668e+01
8.957139352326481685e+01
1.047872649342936313e+02
1.041622635857173975e+02
1.061829170637224564e+02
9.315352359752534994e+01
1.198223169750953474e+02
9.326273619821093064e+01
7.268591128477592633e+01
6.633666290525262355e+01
8.048747414279721113e+01
1.174316401684958322e+02
1.034430300394864446e+02
1.098615301348003612e+02
1.169772137087844186e+02
1.221341587800744293e+02
1.348845922821139425e+02
1.330751402700861661e+02
1.143650707773368254e+02
1.236678200453806653e+02
1.108469234053838761e+02
1.419829609471864558e+02
1.307597789830084878e+02
1.312546207301525953e+02
1.240790896133344177e+02
1.327928487068506058e+02
1.240201716257491142e+02
1.105473478324920507e+02
1.329446388190135337e+02
1.401184446800247940e+02
1.333332332135336458e+02
1.316598213982992149e+02
1.254637071372654447e+02
1.082583839678595723e+02
1.068790499992716718e+02
1.174025286882538808e+02
1.282591290523829457e+02
1.347151040792466290e+02
1.298534489195918695e+02
1.340429738465284117e+02
