-1.632626813659936715e+02
-1.192256686294800829e+02
-8.840893763000171646e+01
-6.337280134808347043e+01
-6.559456231206685572e+01
-5.939325882538457080e+01
-2.850208230525056052e+01
-2.556669225286549718e+01
-2.530954969466142401e+01
-5.566247761639632863e+00
-2.294554454831051160e+01
-1.729139999240983938e+00
3.559636616105907425e+00
-2.699806949573186898e+01
-1.596340980360496609e+01
1.751547539854392710e+01
6.640877302808958937e+00
-6.125751339099877235e+00
2.579812390172611103e+01
2.845730679562622711e+01
2.642443489565924608e+01
7.534028699855876710e+01
1.232782329133336248e+02
5.889814882974679477e+01
1.017240123916324563e+02
5.054071307495012633e+01
7.456219591731003504e+01
1.026391576831385635e+02
8.565358224945140364e+01
2.996894915367479229e+01
5.357062885486917025e+01
6.724826354667952444e+01
7.804638990723913139e+01
9.022889266584743950e+01
7.187900339128128735e+01
1.037790028664847171e+02
4.956545283307232808e+01
5.208617452589469110e+01
7.635532399301558826e+01
9.895201414901664805e+01
9.972774006966363913e+01
6.490626296385336502e+01
5.638977524490409365e+01
8.301262655234590682e+01
5.723904535627902135e+01
6.933033408491817795e+01
8.514234994178428906e+01
9.597458693472104585e+01
9.690988171153321673e+01
7.084476972695726715e+01
7.792849063354563555e+01
8.930147215063445287e+01
8.029964168927615731e+01
9.336497307840069482e+01
1.175000709936335568e+02
1.229194369099734132e+02
1.150118209612126634e+02
7.804552283616044406e+01
9.085478555048666749e+01
9.929059620461896429e+01
1.055630246986257390e+02
9.435198791933129314e+01
1.039565510486617654e+02
6.627345348021188443e+01
9.447315090388995884e+01
1.006260089905124886e+02
9.094030938551530596e+01
1.051908650126435560e+02
9.184877602922162509e+01
9.437303987098856339e+01
1.185916836417669202e+02
8.113444742693023670e+01
1.002715428711142209e+02
8.195248356983796612e+01
1.016190032295848482e+02
7.811890270996320851e+01
1.223090857363870612e+02
1.425901683929573949e+02
1.269909016039789265e+02
1.225999939274285992e+02
1.156680137592063033e+02
1.427781006631464891e+02
1.248207426044249218e+02
1.198891063782200348e+02
1.280213036227998202e+02
9.703988593398851492e+01
1.144811319612063727e+02
1.217674374021306960e+02
1.316810715631247035e+02
1.240883254438670633e+02
1.176321599967932912e+02
1.178642946171311650e+02
8.044752271133842214e+01
1.303934674483423919e+02
1.307002976440886641e+02
1.320719314321140132e+02
1.254919824254563565e+02
1.194493008403789531e+02
1.401237476596671456e+02
1.352591417281374788e+02
