-1.444687239764853643e+02
-1.458354416149223596e+02
-1.504120897705277287e+02
-1.339037786395188903e+02
-1.181779705840293673e+02
-1.299288067529932675e+02
-1.159808377420346517e+02
-1.303625276513383255e+02
-1.222076754350580501e+02
-1.013483143816563796e+02
-1.196864408610954484e+02
-1.117571990684461412e+02
-1.047238207824762668e+02
-1.015160043614132661e+02
-1.224554644857934420e+02
-1.064144525707292104e+02
-1.150953681591870890e+02
-1.223648120223903391e+02
-1.265603159614008888e+02
-1.205344920848953620e+02
-1.105042680806149065e+02
-1.283015717788355232e+02
-1.220459113450343835e+02
-1.125563354375348695e+02
-1.235200566137368128e+02
-1.353287044285699494e+02
-1.053156765792283664e+02
-1.339052615983387966e+02
-1.200565611699706636e+02
-1.341720439503878026e+02
-1.115066024780106062e+02
-1.195140749517055099e+02
-9.226641474958888978e+01
-1.271472181858351718e+02
-1.318247043068789992e+02
-1.178018171088565396e+02
-1.095049295260849362e+02
-1.242466978759540268e+02
-1.241984662716898100e+02
-1.346513139666923280e+02
-1.361013018273580997e+02
-1.133038604257091322e+02
-1.321576871165351008e+02
-1.294656258471377157e+02
-1.193303660833831259e+02
-1.196265597800662306e+02
-1.064594298352633643e+02
-1.198553998948937931e+02
-1.206381694209304385e+02
-1.327501531117193849e+02
-1.186638506883138859e+02
-1.269085873715860942e+02
-1.121310663252116910e+02
-1.233722658178972011e+02
-1.161121883712403928e+02
-1.191070706148308318e+02
-1.221529209482893634e+02
-1.131707206553086849e+02
-1.312230565498346095e+02
-1.322415745840412171e+02
-1.280531660323009362e+02
-1.202085412978229328e+02
-1.315963157488163233e+02
-1.335626318338437386e+02
-1.193304923970513869e+02
-1.268440738340918017e+02
-1.448409160813760366e+02
-1.239872839966489124e+02
-1.412245162062445445e+02
-1.253659852139102213e+02
-1.338776928210891413e+02
-1.257169780859737216e+02
-1.340736819523223176e+02
-1.509456570953028631e+02
-1.423853198808560876e+02
-1.339604457684366992e+02
-1.282995041601773494e+02
-1.342277617085193810e+02
-1.243429258372784147e+02
-1.176857375819898692e+02
-1.252134317257786762e+02
-1.207753288058432162e+02
-1.367456922284812890e+02
-1.306115507562322477e+02
-1.328833140130544734e+02
-1.181424553849214334e+02
-1.519126561395677584e+02
-1.385086599605294850e+02
-1.363920195403146636e+02
-1.200581526098063279e+02
-1.409717911200019387e+02
-1.238889733583971093e+02
-1.273905763753529357e+02
-1.288791107308246637e+02
-1.393873126141927230e+02
-1.243158992292596423e+02
-1.412405709371397222e+02
-1.362753940889699606e+02
-1.390802093260552112e+02
-1.309460133440543927e+02
