-1.729755401631546192e+02
-1.355838469914201312e+02
-1.243392025859922114e+02
-1.426105906441255797e+02
-1.406546832280671993e+02
-1.238006701637066556e+02
-1.206459346996119280e+02
-1.079391459949895165e+02
-1.266412716753714420e+02
-1.270896796257025585e+02
-1.303206211818991278e+02
-1.091264119396366397e+02
-1.188195534362008061e+02
-1.143540080411017641e+02
-1.043640941047611221e+02
-1.125960670046604406e+02
-1.158015166298562377e+02
-1.140910496496481983e+02
-1.149467779573715234e+02
-1.167689777848907795e+02
-1.416885661697679666e+02
-1.143209943025984785e+02
-1.093607688186962008e+02
-1.332795540872171784e+02
-1.213144243730356351e+02
-1.239535656486679613e+02
-1.276793375376936410e+02
-1.174129124546494438e+02
-1.417489775203715681e+02
-1.114926547146798441e+02
-1.175132048022470315e+02
-1.098228226968783332e+02
-1.115302124360738674e+02
-1.055734395262009144e+02
-1.133681606563178264e+02
-1.104894451621148761e+02
-1.035861717415458969e+02
-1.274429829045782725e+02
-1.111137185915547860e+02
-1.034624536733193167e+02
-1.148233429717638359e+02
-1.037464290226565566e+02
-8.965892197671718122e+01
-1.046169507155585023e+02
-1.050120475630649821e+02
-9.496331230275745838e+01
-9.987760041477305606e+01
-1.081635314698270491e+02
-9.222898011025225173e+01
-8.627580182284998500e+01
-8.020685219618719941e+01
-9.045715690117729935e+01
-8.337878599524991330e+01
-8.058714674496742703e+01
-7.806673292568996203e+01
-8.077743265052822608e+01
-5.515795356496580837e+01
-7.082924504233699281e+01
-7.360674151620968075e+01
-6.567947964081763246e+01
-6.830711772642229107e+01
-6.144730285387240087e+01
-5.996737310321955050e+01
-8.170824501044680233e+01
-6.441378178244377750e+01
-6.178087000532337925e+01
-5.626631010947211564e+01
-6.077392667671185222e+01
-6.091566950867688490e+01
-5.515040532748393076e+01
-4.257794971458098132e+01
-5.592665851528326471e+01
-4.984631265577254311e+01
-5.085530804156393714e+01
-4.215706925753268308e+01
-6.470393906193751832e+01
-3.104458295282263336e+01
-3.633536989485273239e+01
-2.069718575704705898e+01
-1.744293221137107963e+01
-3.225762594009265882e+01
-2.279223636423868982e+01
-2.284367035726192796e+01
-1.009230134006232937e+01
-4.071217784823351060e+00
-7.694153020431240275e-01
9.559150792277300468e+00
1.949650108163544893e+00
3.717451398524787010e+01
4.582058509564935989e+00
3.452598546967814030e+01
1.666386181852192649e+01
5.690380601545686545e+01
5.015550679586313976e+01
3.478115410052351564e+01
2.342032079049177895e+01
2.366040263203688809e+01
4.462583738526712551e+01
4.641080284862381689e+01
4.847107524413615209e+01
