-1.165920754558933368e+02
-1.247499908530406003e+02
-8.802717371713144701e+01
-1.380965365605370891e+02
-1.115252346260894001e+02
-1.131268131816818112e+02
-1.182925752130027348e+02
-1.079997993087780941e+02
-8.891581344651689278e+01
-8.579122218931760813e+01
-4.927314114861306393e+01
-4.600586192748811243e+01
-2.447038932548691648e+01
-3.443257294647350619e+01
1.982681302318187511e+00
-1.667817105626748031e+01
1.881994836135651283e+01
1.085314421871669843e+01
2.782250366908327521e+01
-1.483531759435964581e+01
-4.898812722015332355e+00
4.742427255320753687e+01
5.754595032235497598e+01
4.388040063868549367e+01
5.168372102638349475e+01
6.570907098853982120e+01
5.724328139543310812e+01
2.395884299594265343e+01
7.367874080248844848e+01
1.018046399631487446e+02
3.812005240621890323e+01
6.961046261788389700e+01
5.445950927339310255e+01
4.910076231356161003e+01
5.321131562191691700e+01
8.752594965054193210e+01
7.672122448401482586e+01
7.717185830192002527e+01
8.697374371715440589e+01
9.953665401616594011e+01
1.041175406096904226e+02
9.002348368578128657e+01
6.713028372809874611e+01
8.181162908011388879e+01
1.153716766924667922e+02
6.194760287586186820e+01
8.058600680172445152e+01
7.486934507772890868e+01
6.506840237220121992e+01
6.009013711447100548e+01
5.245028532948162336e+01
1.097316166102632025e+02
1.004106038236563592e+02
1.258294667003099079e+02
1.189642694470171449e+02
1.415462194585120130e+02
1.163470539683387841e+02
1.210682505773005460e+02
1.416348614385204030e+02
1.191770937290638841e+02
1.263681185689364384e+02
1.329807218864043818e+02
1.313963799217947610e+02
1.349419228406938771e+02
1.046840885060710349e+02
1.366706512263714330e+02
1.387171489591125351e+02
1.266411930680186515e+02
1.018962120159829254e+02
1.489059169564963554e+02
1.270137368206877539e+02
1.130787178725631321e+02
1.277125710842916106e+02
1.343575636997783249e+02
1.196031843736896718e+02
1.447049620196895603e+02
1.559902576492424089e+02
1.667270915481823863e+02
1.572866394052288115e+02
1.792789599061292733e+02
1.502036524268591222e+02
1.606624922322129976e+02
1.560032438094857525e+02
1.721490377008814221e+02
1.703109478764850166e+02
1.689240792803825855e+02
1.655760871372533813e+02
1.667936731964040291e+02
1.705102379763993383e+02
1.513209847098796672e+02
1.595451639515153488e+02
1.209873513874946553e+02
1.378256245625287022e+02
1.649767222462690199e+02
1.527175723622777070e+02
1.422739952351458328e+02
1.450931451689576477e+02
1.615346359360732720e+02
1.562786518146749302e+02
1.758357186973133253e+02
